1,32
1,31
1,30
1,29
1,28
1,27
1,26
1,25
1,24
1,23
1,22
1,21
1,20
1,19
1,18
1,17
1,16
1,15
1,14
1,13
1,12
1,11
1,10
1,9
1,8
1,7
1,6
1,5
1,4
1,3
1,2
1,1
1,0
0,524
0,559
0,319
0,540
0,556
0,538
0,523
0,563
0,535
0,516
0,561
0,512
0,565
0,522
0,573
0,306
0,305
0,304
0,303
0,572
0,392
0,242
0,571
0,501
0,12
0,10
0,9
0,8
0,0
0,301
0,327
0,300
0,562
0,326
0,299
0,310
0,447
0,298
0,308
0,297
0,444
0,443
0,296
0,446
0,442
0,295
0,445
0,429
0,294
0,421
0,428
0,293
0,441
0,292
0,414
0,440
0,291
0,401
0,439
0,290
0,532
0,400
0,289
0,436
0,435
0,288
0,399
0,434
0,287
0,560
0,433
0,286
0,354
0,432
0,285
0,353
0,431
0,284
0,552
0,430
0,283
0,377
0,282
0,427
0,426
0,281
0,558
0,425
0,280
0,367
0,424
0,279
0,513
0,423
0,278
0,422
0,277
0,362
0,276
0,419
0,407
0,275
0,348
0,406
0,274
0,344
0,418
0,273
0,322
0,417
0,272
0,551
0,416
0,271
0,321
0,270
0,413
0,412
0,269
0,411
0,268
0,497
0,410
0,267
0,409
0,408
0,266
0,508
0,265
0,507
0,405
0,264
0,553
0,394
0,263
0,393
0,262
0,504
0,404
0,261
0,496
0,403
0,260
0,546
0,402
0,259
0,503
0,258
0,398
0,388
0,257
0,397
0,256
0,477
0,396
0,255
0,527
0,395
0,254
0,499
0,498
0,253
0,391
0,390
0,252
0,548
0,389
0,251
0,570
0,387
0,250
0,541
0,386
0,547
0,525
0,544
0,549
0,554
0,555
0,557
0,514
0,550
0,543
0,249
0,569
0,385
0,248
0,384
0,318
0,247
0,489
0,246
0,331
0,245
0,381
0,244
0,380
0,243
0,379
0,378
0,241
0,545
0,240
0,476
0,375
0,239
0,526
0,493
0,238
0,374
0,237
0,492
0,491
0,236
0,542
0,361
0,235
0,488
0,234
0,536
0,373
0,233
0,372
0,371
0,232
0,370
0,369
0,231
0,482
0,230
0,329
0,229
0,568
0,366
0,228
0,365
0,227
0,364
0,363
0,226
0,567
0,539
0,225
0,360
0,224
0,521
0,486
0,223
0,566
0,359
0,222
0,485
0,484
0,221
0,537
0,347
0,220
0,458
0,219
0,529
0,358
0,218
0,520
0,357
0,217
0,356
0,355
0,216
0,468
0,215
0,324
0,214
0,457
0,352
0,213
0,519
0,351
0,212
0,350
0,349
0,211
0,534
0,456
0,210
0,346
0,209
0,531
0,208
0,455
0,345
0,207
0,530
0,518
0,206
0,334
0,205
0,528
0,204
0,478
0,343
0,203
0,342
0,341
0,202
0,340
0,339
0,201
0,473
0,200
0,336
0,199
0,469
0,198
0,467
0,335
0,197
0,454
0,196
0,333
0,195
0,517
0,466
0,194
0,515
0,332
0,193
0,453
0,330
0,192
0,564
0,328
0,63
0,325
0,62
0,533
0,323
0,61
0,462
0,320
0,60
0,461
0,317
0,59
0,452
0,316
0,58
0,451
0,450
0,57
0,464
0,315
0,56
0,420
0,449
0,55
0,448
0,313
0,54
0,415
0,53
0,438
0,311
0,52
0,460
0,309
0,51
0,481
0,437
0,50
0,314
0,307
0,49
0,480
0,312
0,48
0,475
0,459
0,47
0,338
0,302
0,46
0,474
0,337
0,6
0,5
0,1
0,11
0,4
0,2
0,3
0,7
